156,3
156,2
156,1
156,0
155,3
155,2
155,1
155,0
0,55
96,6
96,3
96,2
96,1
96,0
95,6
95,4
95,3
95,2
95,1
95,0
90,7
90,6
90,3
90,2
90,1
90,0
87,4
87,3
87,2
87,1
87,0
85,7
85,6
85,3
85,2
85,1
85,0
82,5
82,4
82,3
82,2
82,1
82,0
74,5
74,3
74,2
74,1
74,0
72,6
72,4
72,3
72,2
72,1
72,0
63,5
63,3
63,2
63,1
63,0
61,5
61,3
61,2
61,1
61,0
59,5
59,3
59,2
59,1
59,0
57,9
57,8
57,7
57,3
57,2
57,1
57,0
53,8
53,7
53,4
53,3
53,2
53,1
53,0
49,5
49,3
49,2
49,1
49,0
47,14
47,13
47,12
47,11
47,6
47,5
47,4
47,3
47,2
47,1
47,0
37,6
37,4
37,3
37,2
37,1
37,0
34,5
34,3
34,2
34,1
34,0
32,3
32,2
32,1
32,0
31,3
31,2
31,1
31,0
30,3
30,2
30,1
30,0
29,3
29,2
29,1
29,0
27,3
27,2
27,1
27,0
26,4
26,3
26,2
26,1
26,0
25,3
25,2
25,1
25,0
24,4
24,3
24,2
24,1
24,0
23,5
23,3
23,2
23,1
23,0
22,5
22,4
22,3
22,2
22,1
22,0
21,3
21,2
21,1
21,0
20,3
20,2
20,1
20,0
19,3
19,2
19,1
19,0
18,4
18,3
18,2
18,1
18,0
17,4
17,3
17,2
17,1
17,0
16,6
16,5
16,4
16,3
16,2
16,1
16,0
15,3
15,2
15,1
15,0
14,3
14,2
14,1
14,0
13,4
13,3
13,2
13,1
13,0
12,3
12,2
12,1
12,0
11,3
11,2
11,1
11,0
10,3
10,2
10,1
10,0
9,3
9,2
9,1
9,0
8,3
8,2
8,1
8,0
7,3
6,6
6,5
6,4
6,3
6,2
5,15
5,14
5,13
5,12
5,8
5,7
5,4
5,3
5,2
5,0
4,3
4,2
3,2
3,0
2,2
2,0
1,2
1,0
0,54
0,53
0,52
0,51
0,9
0,2
0,0
99,0
99,1
99,3
99,4
100,0
100,1
100,3
102,1
102,2
102,4
105,0
105,2
105,4
105,5
109,1
109,2
109,4
109,5
109,8
110,1
110,2
110,4
110,5
112,1
112,3
112,5
116,1
116,2
116,5
120,0
120,2
128,0
128,1
128,3
128,5
128,7
129,1
129,2
129,5
132,0
132,2
132,3
132,6
133,1
133,2
133,4
133,5
136,0
136,2
136,3
136,6
141,0
141,2
141,4
141,5
141,8
144,0
144,2
144,3
144,6
145,1
145,2
146,0
146,1
146,3
146,5
147,0
147,2
147,3
147,5
147,6
148,0
148,2
148,3
150,0
150,1
150,3
150,5
151,0
151,2
151,3
152,1
152,2
153,0
153,2
153,3
154,1
154,2
154,4
154,6
154,5
154,3
154,0
153,1
152,3
152,0
151,1
150,4
150,2
148,4
148,1
147,7
147,4
147,1
146,4
146,2
145,3
145,0
144,4
144,1
141,7
141,3
141,1
136,5
136,1
133,7
133,3
133,0
132,5
132,1
129,3
129,0
128,6
128,2
120,3
120,1
116,3
116,0
112,2
112,0
110,3
110,0
109,7
109,3
109,0
105,3
105,1
102,3
102,0
100,2
99,6
99,2
1,45
3,44
2,44
1,44
3,43
2,43
1,43
3,42
2,42
1,42
3,41
2,41
1,41
3,40
2,40
1,40
3,39
2,39
1,39
3,38
2,38
1,38
3,37
2,37
1,37
3,36
2,36
1,36
3,35
2,35
1,35
3,34
2,34
1,34
3,33
2,33
1,33
3,32
2,32
1,32
3,31
2,31
1,31
3,30
2,30
1,30
3,29
2,29
1,29
3,28
2,28
1,28
3,27
2,27
1,27
3,26
2,26
1,26
3,25
2,25
1,25
3,24
2,24
1,24
3,23
2,23
1,23
3,22
2,22
1,22
3,21
2,21
1,21
3,20
2,20
1,20
3,19
2,19
1,19
3,18
2,18
1,18
3,17
2,17
1,17
3,16
2,16
1,16
3,15
2,15
1,15
3,14
2,14
1,14
3,13
2,13
1,13
3,12
2,12
1,12
3,11
2,11
1,11
3,10
2,10
1,10
3,9
2,9
1,9
3,8
2,8
1,8
3,7
2,7
1,7
3,6
2,6
1,6
3,5
2,5
1,5
3,4
2,4
1,4
3,3
2,3
1,3
0,6
0,47
0,46
0,49
0,48
0,45
0,12
0,50
0,10
0,8
0,11
0,5
0,7
0,4
0,3
