4294967278,401
4294967278,395
4294967278,389
4294967278,394
4294967279,460
4294967279,466
4294967279,465
4294967279,455
4294967279,448
4294967279,463
104,2
104,4
5,2
5,4
4,4
4294967279,146
104,6
104,0
104,5
4294967279,145
4294967278,144
4294967278,143
4294967279,142
4294967279,141
4294967279,140
24,2
2,2
2,4
4294967279,135
25,4
4294967278,133
4294967294,52
4294967294,1432
4294967294,451
4294967278,377
4294967279,273
148,7
4294967278,272
4294967278,352
148,6
4294967278,446
4294967279,291
148,5
148,4
148,3
148,2
148,1
4294967278,318
4294967294,510
4294967279,283
4294967278,281
4294967279,509
147,4
147,3
147,2
147,1
4294967278,257
4294967279,446
4294967278,315
4294967279,389
146,4
146,3
146,2
146,1
4294967279,388
4294967279,387
4294967278,311
145,4
145,3
145,2
145,1
4294967278,310
4294967294,1449
4294967278,347
4294967279,444
4294967279,508
4294967278,375
4294967279,443
4294967278,252
4294967294,1453
4294967279,250
144,6
144,5
144,4
144,3
144,2
144,1
4294967278,374
4294967279,507
4294967279,441
4294967279,234
4294967278,445
4294967279,231
4294967278,444
4294967279,223
4294967278,443
4294967278,216
4294967279,215
4294967278,213
4294967279,214
4294967279,213
4294967279,212
4294967278,210
142,5
4294967279,211
142,4
142,3
142,2
142,1
4294967278,345
4294967278,207
53,2
53,4
4294967294,509
4294967279,206
4294967294,1028
4294967294,1024
53,3
4294967278,204
24,4
4294967294,449
4294967278,442
4294967294,1437
4294967294,475
4294967278,201
7,5
7,2
7,4
7,3
4294967279,312
4294967279,200
28,2
28,4
4294967279,438
4294967279,411
4294967279,196
4294967279,410
4294967279,194
4294967279,409
4294967278,441
4294967279,193
4294967278,191
4294967278,190
4294967279,191
4294967279,190
4294967279,437
4294967278,298
4294967279,506
4294967278,335
4294967279,310
4294967278,334
4294967279,434
4294967294,508
4294967279,505
4294967278,297
4294967279,432
4294967294,991
4294967294,111
4294967294,401
4294967278,176
4294967278,295
4294967279,404
4294967278,294
4294967278,171
4294967294,507
4294967279,169
4294967279,504
4294967279,503
4294967278,165
4294967279,428
4294967278,364
4294967279,164
4294967279,304
4294967278,161
4294967278,160
4294967278,329
4294967279,398
4294967278,328
4294967279,160
4294967279,159
4294967279,302
4294967278,327
4294967279,502
4294967294,1440
4294967278,156
4294967279,154
4294967294,415
4294967294,476
4294967294,477
4294967279,153
4294967279,424
4294967278,360
4294967294,506
4294967278,150
4294967278,358
4294967279,149
4294967278,323
4294967279,395
4294967279,394
4294967294,1441
4294967279,296
4294967278,356
4294967279,423
4294967294,505
4294967278,140
4294967278,354
4294967279,139
4294967279,422
4294967278,319
26,3
4294967278,278
4294967278,136
4294967278,440
4294967294,1442
4294967278,274
4294967278,273
4294967278,353
4294967294,1438
4294967279,270
4294967279,420
4294967278,351
4294967279,501
4294967294,1436
4294967278,269
4294967278,268
4294967279,500
4294967294,478
4294967294,1435
4294967279,285
4294967279,266
4294967279,391
4294967278,282
4294967279,499
4294967278,264
4294967294,1434
4294967294,504
4294967294,113
4294967294,470
4294967294,385
4294967279,390
4294967294,1433
4294967278,261
4294967278,280
4294967278,259
4294967278,439
4294967294,1431
4294967279,498
4294967279,419
4294967294,1430
4294967278,314
4294967278,312
4294967294,402
4294967294,1030
4294967294,1026
4294967279,258
4294967294,1423
4294967279,386
4294967279,384
4294967279,385
4294967294,1471
4294967278,254
4294967278,288
4294967279,255
4294967294,1468
4294967294,1469
4294967278,438
4294967294,1470
4294967278,248
4294967294,503
4294967278,437
4294967279,412
4294967278,436
4294967294,1467
4294967278,243
4294967278,241
4294967294,1466
4294967294,1465
4294967278,238
4294967278,237
4294967278,435
4294967294,1464
4294967294,1463
4294967278,233
4294967278,350
4294967294,1461
4294967294,1462
4294967278,227
4294967294,1421
4294967294,412
4294967294,989
4294967294,399
4294967294,184
4294967294,474
4294967278,225
4294967294,1459
4294967294,1460
4294967294,428
4294967294,1428
4294967278,219
4294967294,1457
4294967294,1458
4294967278,215
4294967294,502
4294967278,214
4294967294,1456
4294967294,1455
4294967278,212
31,5
31,2
31,4
4294967278,211
4294967294,437
31,3
4294967294,1035
4294967294,175
4294967294,173
4294967294,170
4294967294,1429
4294967278,209
4294967294,1427
4294967279,210
4294967279,319
28,3
4294967278,208
4294967278,344
4294967279,209
4294967279,208
4294967293,131
4294967293,130
4294967293,129
4294967293,128
4294967293,127
4294967293,126
4294967293,125
4294967293,124
4294967293,123
4294967293,122
4294967293,121
4294967293,120
4294967293,119
4294967293,118
4294967293,117
4294967293,116
4294967293,115
4294967293,114
4294967293,113
4294967293,112
4294967293,111
4294967293,110
4294967293,109
4294967293,108
4294967293,107
4294967293,106
4294967293,105
4294967293,104
4294967293,103
4294967293,102
4294967293,101
4294967293,100
4294967293,99
4294967293,98
4294967293,97
4294967293,96
4294967293,95
4294967293,94
4294967293,93
4294967293,92
4294967293,91
4294967293,90
4294967293,89
4294967293,87
4294967293,86
4294967293,85
4294967293,84
4294967293,83
4294967293,82
4294967293,81
4294967293,80
4294967293,79
4294967293,78
4294967293,77
4294967293,76
4294967293,75
4294967293,74
4294967293,73
4294967293,72
4294967293,71
4294967293,70
4294967293,69
4294967293,68
4294967293,67
4294967293,66
4294967293,65
4294967293,64
4294967293,63
4294967293,62
4294967293,61
4294967293,60
4294967293,59
4294967293,58
4294967293,57
4294967293,56
4294967293,55
4294967293,54
4294967293,53
4294967293,52
4294967293,51
4294967293,50
4294967293,49
4294967293,48
4294967293,47
4294967293,46
4294967293,45
4294967293,44
4294967293,43
4294967293,42
4294967293,41
4294967293,40
4294967293,39
4294967293,38
4294967293,37
4294967293,36
4294967293,35
4294967293,34
4294967293,33
4294967293,32
4294967293,31
4294967293,30
4294967293,29
4294967293,28
4294967293,27
4294967293,26
4294967293,25
4294967293,24
4294967293,23
4294967293,22
4294967293,21
4294967293,20
4294967293,19
4294967293,18
4294967293,17
4294967293,16
4294967293,15
4294967293,14
4294967293,13
4294967293,12
4294967293,11
4294967293,10
4294967293,9
4294967293,8
4294967293,7
4294967293,6
4294967293,5
4294967293,4
4294967293,3
4294967278,132
4294967278,309
4294967278,123
4294967278,122
4294967278,121
4294967278,119
4294967278,118
4294967278,117
4294967278,116
4294967278,115
4294967278,114
4294967278,174
4294967278,105
4294967278,104
4294967278,103
4294967278,102
4294967278,101
